(-2.925741855365183e+00,-2.305663620883246e-16)    1    1
(-7.044743161022937e-08,-1.412975104560774e-09)    1    2
(2.928214231463225e-03,3.007373527718871e-08)    1    3
(-9.396335034334531e-09,5.987059229110784e-09)    1    4
(3.362710968919977e-07,-8.178133194041351e-09)    1    5
(-2.681740663601360e+00,-4.994462578782542e-16)    2    2
(-2.768835658232720e-08,-6.425728374721895e-09)    2    3
(6.384643875154016e-08,6.102356561560080e-09)    2    4
(-3.826128325858704e-08,-8.230858424575854e-09)    2    5
(-1.821082128624588e-01,3.732097015356933e-17)    3    3
(4.493610283559118e-08,-4.216059656137768e-08)    3    4
(-1.600267359297675e-06,4.993281813355793e-08)    3    5
(2.615239476488077e-02,3.783696175384960e-18)    4    4
(-1.036146243153617e-05,2.006489966285459e-06)    4    5
(2.614863262830370e-02,5.635469016760470e-18)    5    5
